Some((
    red: 0.95686275,
    green: 0.72156864,
    blue: 0.89411765,
))