Some((
    red: 0.91764706,
    green: 0.4627451,
    blue: 0.79607844,
))